0	255	255	255	191
1	255	129	254	201
2	255	255	204	51
3	255	255	102	0
4	255	255	128	0
5	255	192	192	192
6	255	128	128	128
7	255	0	128	0
8	255	0	215	0
9	255	0	0	183
10	255	82	51	172
11	255	138	184	253
12	255	0	127	255
13	255	0	0	125
14	255	128	51	51
15	255	204	153	0
16	255	255	204	204
17	255	252	102	102
18	255	171	230	128
19	255	0	1	0
20	255	0	0	1
21	255	0	0	0
22	255	0	0	0
23	255	255	255	81
24	255	255	230	48
25	255	119	119	60
26	255	128	128	0
27	255	231	4	200
28	255	255	112	254
29	255	255	127	127
30	255	255	0	0
31	255	255	0	0
32	255	140	0	204
33	255	1	1	1
34	255	178	111	60
35	255	218	152	92
~
300
600
900
1200
1500
