#~Name
#Temperature(Degrees Celsia)	Pressure(GPa)

~Blueschist|(62, 106, 159)
100	0.7
400	2.4
470	1.7
580	1.15
150	0.55
100	0.65

~Eclogite|(90, 130, 88)
400	2.4
470	1.7
580	1.15
1000	1.5
1000	2.95

~Zeolite|(198, 179, 113)
100	0.65
150	0.55
180	0.5
210	0.05
100	0.05

~Prehnite-Pumpellyite|(135, 198, 113)
150	0.55
180	0.5
210	0.05
260	0.05
270	0.7

~Greenschist|(88, 170, 130)
260	0.05
270	0.7
515 1.06
510	0.24
380	0.18
270	0.05

~Amphibolite|(145, 138, 125)
510	0.24
515 1.06
710	1.28
710	0.78
692	0.3

~Granulite|(195, 100, 116)
692	0.3
710	0.78
710	1.28
1000	1.5
1000	0.18
850	0.23

~Sanidite|(198, 175, 213)
1000	0.18
800	0.25
770	0.05
1000	0.05

~Hornfels|(233, 232, 137)
270	0.05
400	0.18
500	0.24
600	0.28
700	0.3
800	0.25
770	0.05

~UHPM
920	6
1100	6
1100	3.04
400	2.4