#~Name
#Temperature(Degrees Celsia)	Pressure(GPa)

~Peridotite Solidus
1015.711 3.7847906
1015.711 3.4522783
1010.2551 3.0172414
1006.8199 2.6339286
1006.8199 2.2755542
1009.0427 1.9836823
1006.8199 1.6253079
1017.9338 1.2623153
1039.3534 0.89378079
1065.0164 0.64809113
1091.8919 0.45874384
1118.7674 0.28509852
1156.9588 0.039408867

~Antigorite Stability
471.23656 4.8130969
574.28315 4.4060937
590.6362 4.2946794
605.19713 4.1468849
618.63799 3.9581628
628.71864 3.8080946
638.12724 3.6284675
647.75986 3.4079127
656.2724 3.1714416
663.44086 2.8985903
669.04122 2.6280127
671.05735 2.4415643
671.95341 2.2096407
671.50538 1.9572533
666.35305 1.7253297
658.51254 1.4888586
651.12007 1.3819918
640.5914 1.2273761
628.04659 1.0909504
616.62186 0.98635744
596.46057 0.80900409
572.71505 0.60891314
545.83333 0.38381082
517.38351 0.19736244
497.89427 0.060936789

~Granite Solidus
651.57868 2.5683498
648.95176 2.3559113
643.49583 2.0935961
638.03991 1.8432882
630.56327 1.520936
625.30942 1.203202
624.29907 0.96213054
626.31978 0.71274631
642.2834 0.42826355
668.55266 0.28417488
705.32963 0.18349754
753.82672 0.12068966
797.87825 0.09205665
843.14221 0.068041872
898.91387 0.038485222
953.67517 0.029248768

~Wet Basalt Solidus
773.83178 3.4781404
765.34478 3.2287562
754.83708 2.8962438
744.32938 2.58867
734.83203 2.3097291
720.08083 2.0307882
701.08613 1.7564655
688.55772 1.5061576
674.81687 1.2124384
674.81687 0.91871921
685.32458 0.6739532
712.80626 0.43842365
750.59358 0.26939655
789.59333 0.16871921
842.13185 0.12068966
936.29704 0.074507389
992.27078 0.069889163
1035.9182 0.059729064
1069.462 0.059729064
1118.7674 0.033866995
