0	255	248	248	233
1	255	160	250	250
2	255	255	236	180
3	255	255	207	138
4	255	232	154	75
5	255	192	192	192
6	255	128	128	128
7	255	0	128	0
8	255	0	230	0
9	255	60	60	200
10	255	127	153	200
11	255	125	175	250
12	255	0	200	230
13	255	60	61	255
14	255	128	51	51
15	255	204	153	0
16	255	255	204	204
17	255	252	102	102
18	255	171	230	128
19	255	0	1	0
20	255	0	0	1
21	255	0	0	0
22	255	0	0	0
23	255	255	255	81
24	255	255	230	48
25	255	119	119	60
26	255	128	128	0
27	255	231	4	200
28	255	255	112	254
29	255	175	40	40
30	255	255	0	0
31	255	255	0	0
32	255	140	0	204
33	255	1	1	1
34	255	250	100	0
35	255	218	152	92
~
300
900
100
500
700
1100
1300
